%YAML:1.0
---
calibration_time: "Пн 24 апр 2023 13:20:29"
image_width: 1280
image_height: 720
flags: 0
camera_matrix: !!opencv-matrix
   rows: 3
   cols: 3
   dt: d
   data: [ 1.0784580660664856e+03, 0., 6.3533636502553998e+02, 0.,
       9.5192720098358211e+02, 1.2138536083551990e+01, 0., 0., 1. ]
distortion_coefficients: !!opencv-matrix
   rows: 1
   cols: 5
   dt: d
   data: [ 6.7975313051626796e-02, -5.2054814160983447e-02,
       -7.6666337775153540e-02, 4.2310791753211400e-03,
       3.2522266111769768e-02 ]
avg_reprojection_error: 4.7333965904942676e+00
